
\begin{tabular}{lccccccccc}
\hline
Security High & 1.00 & 0.21 & 0.22 & 0.25 & 0.18 & 0.34 & 0.21 & 0.31 & 0.33\\
Security Low & 0.21 & 1.00 & 0.63 & 0.63 & 0.56 & 0.56 & 0.62 & 0.60 & 0.47\\
Style & 0.22 & 0.63 & 1.00 & 0.68 & 0.62 & 0.63 & 0.66 & 0.58 & 0.46\\
Bad Practice & 0.25 & 0.63 & 0.68 & 1.00 & 0.54 & 0.58 & 0.64 & 0.63 & 0.51\\
Correctness & 0.18 & 0.56 & 0.62 & 0.54 & 1.00 & 0.56 & 0.55 & 0.52 & 0.52\\
MT Correctness & 0.34 & 0.56 & 0.63 & 0.58 & 0.56 & 1.00 & 0.56 & 0.56 & 0.49\\
Performance & 0.21 & 0.62 & 0.66 & 0.64 & 0.55 & 0.56 & 1.00 & 0.60 & 0.52\\
i18n & 0.31 & 0.60 & 0.58 & 0.63 & 0.52 & 0.56 & 0.60 & 1.00 & 0.60\\
Experimental & 0.33 & 0.47 & 0.46 & 0.51 & 0.52 & 0.49 & 0.52 & 0.60 & 1.00\\
\hline
\end{tabular}
