
\begin{tabular}{lccccccccc}
\hline \\
Category & Security & Malicious Code & Style & Bad Practice & Correctness & {\sc mt} Correctness & Performance & i18n & Experimental \\ \hline 
Security & 1.00 & 0.20 & 0.22 & 0.27 & 0.20 & 0.33 & 0.20 & 0.31 & 0.32\\
Malicious Code & 0.20 & 1.00 & 0.63 & 0.63 & 0.56 & 0.56 & 0.62 & 0.60 & 0.48\\
Style & 0.22 & 0.63 & 1.00 & 0.68 & 0.62 & 0.63 & 0.66 & 0.58 & 0.46\\
Bad Practice & 0.27 & 0.63 & 0.68 & 1.00 & 0.54 & 0.58 & 0.64 & 0.63 & 0.51\\
Correctness & 0.20 & 0.56 & 0.62 & 0.54 & 1.00 & 0.56 & 0.55 & 0.52 & 0.52\\
{\sc mt} Correctness & 0.33 & 0.56 & 0.63 & 0.58 & 0.56 & 1.00 & 0.56 & 0.56 & 0.49\\
Performance & 0.20 & 0.62 & 0.66 & 0.64 & 0.55 & 0.56 & 1.00 & 0.60 & 0.52\\
i18n & 0.31 & 0.60 & 0.58 & 0.63 & 0.52 & 0.56 & 0.60 & 1.00 & 0.60\\
Experimental & 0.32 & 0.48 & 0.46 & 0.51 & 0.52 & 0.49 & 0.52 & 0.60 & 1.00\\
\hline
\end{tabular}
